250 3000
238 149 462179
197 81 616418
42 80 873959
3 8 297419
221 87 20508
99 60 209696
109 5 969730
198 47 131632
234 217 174142
176 50 30972
149 124 914449
45 247 499425
225 126 288875
91 57 839635
118 47 245593
117 45 16185
165 142 968801
180 243 841500
136 235 827542
6 148 123756
142 187 527601
42 111 349202
10 179 286653
2 137 294474
61 211 9688
196 165 774854
4 113 239204
139 208 459030
218 63 276205
11 135 68359
69 177 493127
120 159 431176
176 213 567552
217 246 762295
89 195 316332
108 58 454318
198 67 298699
247 31 962036
106 38 323182
48 121 271011
73 37 230921
249 41 366248
69 77 849375
238 145 574130
174 151 952877
129 190 641206
150 178 36750
96 241 884691
199 190 71094
93 230 545801
128 191 241201
29 235 849671
135 44 666086
177 219 854786
44 15 335782
140 103 926042
2 129 45465
177 207 774213
36 89 291802
238 247 413245
17 243 576954
119 97 450089
188 108 158546
94 116 636999
14 220 938392
113 210 991171
41 216 84624
235 156 848207
40 168 69088
194 105 215831
51 205 261142
218 40 871855
224 184 58988
63 249 491362
222 127 289935
147 100 308640
1 8 254912
216 35 867470
31 95 21332
151 210 966773
180 47 707613
245 150 83835
123 180 371538
217 96 729469
58 79 49205
49 104 904878
240 144 114449
74 105 738050
115 185 35847
88 129 21857
187 210 456984
1 127 208032
186 125 947789
140 9 92783
238 56 914996
197 151 289612
102 135 624984
141 51 218147
248 194 33824
208 5 633770
15 44 331205
29 13 200292
99 163 858247
222 130 76689
145 27 629008
128 168 312902
146 126 401389
63 190 560486
239 163 190735
128 174 870584
203 214 111413
138 222 972315
168 54 172033
134 96 658254
79 214 899332
158 11 842252
161 34 655564
175 124 342387
64 121 39371
14 235 243069
87 66 151693
177 8 902453
7 220 867178
130 19 126714
182 108 750738
129 222 415989
52 67 740727
193 120 949139
19 200 351916
104 186 383409
233 42 965223
125 38 408827
39 249 891688
249 57 911351
199 48 147213
180 33 601028
233 4 693860
76 64 15473
140 224 18246
167 157 369922
184 34 481733
50 72 959568
75 13 299774
100 41 626626
34 152 440719
175 164 14751
29 0 189459
48 47 500654
115 198 741013
85 109 472621
89 30 634527
50 3 363847
220 155 456280
214 202 221405
195 73 734620
186 105 444807
191 11 638005
131 146 743830
81 243 790633
45 242 892377
90 232 257215
22 40 842442
23 1 143537
53 34 569725
147 112 981107
41 129 466414
51 83 41139
136 139 30661
196 12 994321
54 239 496190
30 98 640741
155 206 666287
48 3 254480
248 29 17713
98 48 933114
121 11 685094
115 203 751602
48 202 744840
111 141 60619
111 214 35808
12 111 105470
84 6 254455
112 194 838171
117 27 954909
77 150 280340
87 201 526966
55 40 769979
159 116 380930
201 160 858274
245 116 472238
115 97 419924
71 233 35929
103 122 519229
94 37 760395
64 39 141963
243 104 574062
135 79 379028
67 68 951203
120 106 946055
15 122 230223
75 28 560774
60 199 73544
81 209 32918
47 242 799080
69 91 312859
69 118 78520
107 38 47287
7 144 296642
244 178 69079
125 19 42023
31 62 463033
192 181 553310
180 17 997042
131 163 334702
248 156 710921
127 73 884667
234 8 469356
159 210 704986
242 139 848017
127 227 419753
63 8 670214
104 92 101787
129 193 169988
148 219 820879
57 61 678483
185 211 114703
79 113 756992
111 5 819849
187 14 952629
148 35 369715
14 75 256467
188 234 630687
83 164 630701
170 30 114349
149 63 262246
153 98 348139
96 205 933905
1 178 118337
233 115 88127
123 43 974162
215 46 601897
0 62 809751
237 122 518504
31 163 467428
80 22 526108
30 81 994541
74 57 737718
4 125 387163
241 210 244941
180 63 718951
214 37 694829
231 201 526774
187 0 441483
203 108 1847
123 207 367047
160 38 964344
212 213 461741
198 236 636466
169 12 283868
8 9 948361
34 115 350724
135 194 118969
144 28 802788
49 101 177200
150 193 342066
60 40 457
159 36 857184
245 48 758514
248 221 256224
205 165 905640
91 169 563487
149 148 208082
174 57 690709
241 131 222772
15 99 337636
240 145 104430
202 52 847530
100 169 684433
9 216 498158
81 121 425275
124 112 938466
210 211 237111
128 31 305752
204 79 382310
217 231 985758
142 46 844127
36 207 330151
213 142 368784
240 176 719286
57 229 909136
154 200 378155
31 207 632619
77 35 366060
163 96 115922
96 5 83653
26 222 737598
44 84 846274
204 185 366390
169 14 373584
7 215 254458
43 65 675763
20 94 648776
232 174 113570
83 95 654207
190 32 199558
219 128 189338
209 172 199418
42 32 822520
135 246 852807
118 191 372982
132 61 447036
28 97 807191
219 31 371480
208 239 855848
84 55 581088
79 36 990965
136 1 487148
130 154 414702
94 155 544817
129 153 218321
159 33 380763
145 135 373253
110 204 761594
87 219 822252
58 20 165592
225 64 351066
59 215 966468
53 122 458694
92 249 262408
22 83 840273
136 204 209858
53 217 610815
91 30 285110
188 89 20477
223 206 610582
229 112 866581
216 66 826089
180 98 168678
67 174 155125
112 247 913470
105 164 401438
133 114 837112
88 173 677741
181 64 379754
162 104 755546
76 13 46613
226 62 430864
133 171 663135
129 10 597215
226 204 579073
42 138 929649
54 49 847289
1 246 622343
48 74 4846
49 96 997716
207 150 604806
139 68 189046
109 4 159596
190 232 656491
154 223 812163
217 29 665521
76 230 441207
245 87 118403
92 101 621757
236 87 869205
42 18 595301
185 182 513157
122 42 637327
178 106 366634
62 45 52850
93 127 249313
83 87 471803
60 145 807517
84 230 478770
136 34 115982
123 28 942384
60 113 460884
213 153 895322
228 36 228212
10 213 535520
194 48 315620
8 227 625716
65 20 748467
59 40 214020
164 85 921639
194 204 834470
87 117 177157
195 30 392630
79 224 719217
190 196 501029
102 130 101447
202 100 6449
191 217 752681
225 182 545347
144 215 129310
221 113 492336
227 8 395516
73 53 147482
72 56 380924
182 165 430569
36 23 965428
55 133 273052
41 22 943114
102 241 463917
160 195 865519
86 203 50241
138 216 794472
18 12 172454
166 27 918900
85 243 532628
39 11 346265
203 69 463668
179 24 363496
0 210 148194
130 211 935554
239 19 728621
5 48 905702
57 126 852488
106 149 123674
125 60 275256
69 18 251381
167 119 276513
182 85 795492
45 11 506509
149 172 92123
53 106 959377
57 140 137631
186 66 443732
159 38 191447
6 4 812665
189 22 160199
75 223 874272
45 141 253299
131 33 937599
73 11 474749
117 76 379214
85 4 935104
131 75 775168
83 145 41610
216 12 434759
120 187 589732
49 46 258525
176 10 782026
189 38 290007
163 142 373141
177 140 18344
170 15 550060
162 218 169648
66 126 21361
11 148 460658
62 84 928093
152 199 631944
69 140 148910
53 98 719995
123 85 371533
149 9 501331
218 48 82867
26 108 562685
74 34 870226
48 233 208613
244 232 485394
158 225 764368
138 86 873136
48 113 225126
154 41 762220
88 27 225273
201 239 481384
0 124 170102
85 238 394942
100 198 461449
188 57 822934
89 224 747368
30 8 64392
84 11 200557
146 181 739368
51 133 682356
222 217 817471
81 248 311652
100 147 898280
234 38 343636
202 97 230036
108 17 745778
133 94 940390
48 46 758293
45 120 713013
203 154 106362
5 172 1359
242 53 442998
119 41 547819
197 145 64753
2 164 953169
99 32 347184
81 33 140953
148 233 851638
248 140 981295
174 222 402396
219 47 266647
28 214 405703
12 6 413424
15 73 521658
226 63 20466
36 195 485911
137 4 438886
77 210 492950
212 187 265930
9 247 290948
167 144 270758
246 223 248205
205 198 950799
205 177 729773
185 112 751563
199 86 436086
97 169 322527
207 146 507240
180 57 102319
34 167 283109
101 122 116807
7 62 253656
167 129 644336
219 188 367121
141 2 763612
61 232 273572
173 56 362914
234 7 227102
113 62 378622
195 13 325325
167 76 963039
222 214 845885
187 143 650546
59 108 358688
143 4 560367
66 208 378680
93 135 375138
128 203 176337
108 46 903070
198 227 953618
35 210 288506
180 55 394288
218 124 826274
8 97 620115
119 228 225512
81 246 86780
12 10 961517
29 241 652330
97 209 129016
18 7 161821
132 26 535453
120 197 564980
176 236 242642
86 120 983416
189 23 547141
212 7 364770
193 134 913817
46 202 143203
239 151 211168
20 220 159295
242 231 507755
214 42 145216
189 184 692250
198 220 43095
189 127 933943
190 192 174
31 98 984003
143 61 318204
228 32 163207
71 83 673762
11 101 595801
8 118 7786
7 126 746771
96 105 74332
176 230 820088
103 129 407571
14 228 560006
188 171 772606
81 77 829609
225 202 699901
223 130 687385
113 70 223615
217 89 285837
49 94 484815
203 27 52497
107 83 47301
23 9 231020
47 134 297588
245 37 706718
23 161 351897
78 99 804262
142 57 293663
114 112 912282
80 191 822907
236 244 292094
37 173 37685
217 0 128740
93 188 872222
38 167 135750
152 62 409297
92 49 627935
39 179 904119
26 68 777523
152 104 31337
165 43 802707
132 23 325686
74 204 276870
68 231 398870
210 9 701030
124 181 582942
206 67 851739
131 103 170746
2 2 710399
162 165 398649
218 22 236570
186 242 862274
240 123 531137
31 248 420652
149 19 590016
58 38 315091
21 180 397991
152 246 215665
117 196 359378
65 216 819914
124 65 448585
39 61 978156
228 50 843045
92 6 186468
28 13 4531
156 222 237340
29 210 756629
131 11 178372
17 39 25445
194 73 403643
84 151 317448
241 125 163676
221 40 649460
35 168 856937
27 91 523238
247 201 165227
132 205 811203
49 209 302089
53 61 553120
70 187 348589
156 180 998822
6 164 836087
170 63 189281
190 101 316121
63 196 405789
164 227 869528
40 231 564894
185 192 693452
42 20 606000
24 231 105049
232 123 401598
195 146 54475
128 92 28404
12 16 91068
17 31 490925
119 66 552430
125 49 778977
205 163 792917
113 69 835595
83 226 638242
101 21 252886
44 221 64730
34 0 164724
237 216 254541
185 153 771699
192 248 947424
120 185 822260
87 144 518620
81 228 840794
218 61 349099
46 190 179282
71 161 363170
6 18 326411
212 148 390244
17 182 583998
74 228 153888
199 170 992609
220 193 763510
94 172 492448
142 83 811178
1 208 581749
11 70 146364
138 85 233094
16 33 961200
10 91 442134
184 76 61146
124 78 703665
31 128 413986
16 123 212906
82 61 172723
249 226 557381
168 216 926516
161 244 830573
183 54 27714
192 84 205844
16 135 527754
198 143 404172
60 181 815689
27 157 725518
223 242 819959
14 216 203558
100 22 654191
189 224 305167
168 50 8038
247 171 473192
22 104 922670
58 24 886668
203 162 581730
94 164 584714
146 175 967282
67 4 421092
25 190 741881
221 231 838834
35 49 432902
220 132 118151
113 77 749571
67 193 739179
211 239 413103
81 233 895374
63 170 475657
198 68 113610
226 233 519460
138 90 243295
196 71 393289
165 84 423975
149 231 722012
223 74 282819
47 179 958430
1 212 701372
34 36 947087
5 168 819150
38 173 239110
143 54 655076
137 107 598465
81 75 202226
59 23 486980
20 135 181562
8 92 647744
104 153 66024
236 155 525356
62 136 934291
41 231 43383
59 102 461572
36 248 336773
51 38 107234
101 19 324386
240 49 769245
213 96 874001
183 198 881392
211 225 22122
60 8 519262
227 167 678640
76 247 824637
226 137 778962
194 108 314228
36 138 363564
241 103 203327
53 133 824279
236 20 630300
183 52 399830
63 107 236221
161 5 285918
165 108 220176
89 53 283477
14 124 958799
136 16 53070
230 216 639959
26 34 307656
75 85 260668
23 211 34694
246 244 738094
82 81 123978
83 77 825337
239 210 115505
68 208 875038
203 193 538715
95 138 196162
248 3 419902
209 205 901796
91 110 626981
172 103 404512
165 185 289652
67 136 175039
85 232 196452
245 182 574719
29 241 614506
20 3 279329
121 0 865320
64 41 841201
16 40 398621
131 166 957117
26 130 423677
181 243 144459
100 235 164706
164 172 983154
175 41 729394
129 240 369059
108 116 259650
50 71 961818
17 124 5759
78 85 744428
247 92 687724
201 108 301945
179 242 482503
81 3 224119
53 96 879438
108 76 163533
68 46 702342
69 101 246159
76 36 619077
208 173 475511
249 3 649677
115 168 803640
214 96 322300
152 54 185163
37 209 644912
75 111 845900
152 87 559129
173 41 197826
32 194 515978
152 138 700538
38 145 633690
1 221 463105
246 156 262943
167 185 565348
175 212 934470
235 16 191694
77 121 83687
15 5 836381
173 162 64968
38 210 79191
80 176 245299
39 110 1605
20 242 462430
187 1 37414
180 89 547697
190 94 487561
107 202 954423
108 45 126765
10 218 14930
246 62 210371
105 58 274979
42 140 782386
186 118 487315
218 126 90226
212 4 241132
221 156 120160
147 215 797345
133 247 51743
59 95 337097
102 154 133810
62 100 858142
59 95 889557
73 235 81979
35 233 467653
193 92 213384
28 117 826179
179 224 299448
174 142 542080
12 28 571970
195 215 29752
43 239 513164
217 24 739754
229 213 455090
215 231 30338
151 71 847752
147 97 867025
186 206 209874
148 131 763820
104 27 767706
100 1 176027
143 60 472395
243 147 888603
96 57 951620
190 141 25075
16 17 611076
61 241 844173
18 56 846896
215 222 309145
188 192 579522
86 120 234742
0 6 678120
196 179 182286
164 45 886447
70 74 245503
247 12 979627
181 84 71651
142 217 974021
50 17 824995
60 161 483619
124 11 546342
131 171 918732
220 211 564849
241 60 472060
41 102 230256
96 160 521224
212 123 770145
131 199 616918
161 103 694357
116 198 12215
152 90 352668
65 54 779491
152 231 261553
52 135 86846
167 45 223251
47 157 273172
181 67 258260
116 0 550188
7 153 182723
248 104 415669
100 244 397522
245 234 184287
228 186 655563
46 136 660449
226 101 390066
37 31 474635
135 30 832435
52 9 231959
107 25 333049
189 61 930017
222 8 189826
64 57 487219
168 54 743770
241 143 621460
192 247 565571
56 169 2625
49 140 353668
107 88 48447
62 221 853084
42 34 972852
63 166 570127
184 247 183724
169 24 610899
208 124 822845
202 38 958925
155 123 485750
183 90 435431
187 173 475903
82 247 885810
72 9 745238
170 210 577296
179 165 464870
0 5 660968
72 111 851460
173 38 852443
209 46 285087
203 130 862393
142 45 26428
28 235 367853
212 53 865067
19 107 959457
141 44 988968
59 37 668826
178 117 724116
163 192 564600
41 225 369381
37 15 980586
248 154 148042
164 236 324418
179 39 546725
110 50 52272
18 99 119183
143 49 656731
211 21 214396
10 97 726351
113 175 202261
112 222 750666
139 167 324416
125 3 70163
11 88 921009
233 25 520936
149 10 289680
42 10 38064
190 70 35248
79 106 660917
192 239 767421
2 106 10659
239 232 127952
93 206 117248
244 238 575695
215 130 647018
118 54 626770
133 158 547065
236 146 228775
71 160 231529
142 73 265522
128 203 169437
46 227 734218
199 55 651427
72 30 145792
140 149 421638
53 52 801157
173 233 718618
183 58 38289
107 38 216724
239 249 172277
123 70 644492
49 17 358102
133 17 499588
184 195 24678
24 92 430803
44 151 342870
129 185 336723
18 10 810788
159 57 793632
69 172 492287
31 113 427415
194 245 629975
111 173 932957
61 88 353951
35 114 756195
53 166 12303
167 113 896101
226 91 151736
4 212 951068
123 184 778792
130 7 982761
185 92 399161
189 113 940837
45 76 678544
210 199 168297
211 10 59346
108 119 593196
15 168 552620
60 226 333140
222 169 244007
158 169 301655
235 58 791649
88 229 994437
5 43 34989
13 37 953815
71 213 908662
41 17 824419
69 114 123610
223 33 230607
212 195 591647
146 101 789404
5 182 810878
135 178 565224
134 159 365597
106 88 738310
1 73 96439
120 155 833853
80 22 757258
182 32 541275
135 37 112458
152 182 522534
64 32 316345
80 117 238615
48 8 409237
17 77 16044
208 196 499651
217 241 26488
165 201 669353
112 198 850448
4 227 943525
154 107 916699
164 19 61501
154 237 46592
46 100 74189
179 178 331062
82 104 754437
68 81 541663
147 113 142395
68 39 196414
73 177 204969
181 88 224503
28 147 28813
45 118 615647
196 120 444825
219 156 920006
33 24 610076
57 26 227034
133 171 845766
228 135 962155
35 21 727050
188 131 521095
12 232 646964
249 180 25844
49 31 345574
241 91 866031
83 147 508339
221 80 308365
206 75 721838
187 85 923341
78 8 915252
157 115 548367
52 7 339708
13 209 816938
33 28 947199
230 13 632298
1 82 726660
86 147 16796
38 111 307787
38 249 329016
102 123 492738
122 56 157858
93 22 157295
32 57 417256
203 248 749241
68 86 254245
146 48 646910
133 120 585996
71 129 596254
200 52 941525
127 238 752247
166 125 793097
67 83 67420
20 114 531173
23 27 608865
205 36 37024
236 246 738809
74 166 947949
222 88 637309
40 123 733221
71 225 162591
74 83 584740
43 137 563677
151 233 940035
23 85 237565
131 166 221823
185 4 917658
141 165 754994
147 204 176980
112 42 779250
97 131 298667
39 222 37631
102 114 508630
64 88 820297
208 95 205976
222 27 238142
158 158 546544
42 105 935018
114 107 759318
29 47 604567
177 133 485041
249 93 795250
213 142 258358
24 158 105458
12 58 659980
66 79 681330
239 237 675902
207 9 375496
49 162 864064
214 10 483149
139 109 900704
143 50 922831
75 232 77984
154 35 535928
197 210 459984
176 46 649226
62 171 161781
177 184 403221
201 162 469432
216 71 927284
95 6 426823
97 157 777716
248 190 411407
152 41 291343
5 184 933891
214 0 23280
215 17 545809
6 9 932564
190 72 943806
167 99 581803
13 50 216271
119 126 808065
81 149 70817
101 158 560879
55 66 227118
168 124 753667
7 151 627174
55 188 150441
197 225 699062
127 150 565767
202 93 589510
190 240 575179
231 170 739400
15 95 498409
237 209 514686
41 242 467269
12 50 424826
89 120 31807
215 134 164655
78 168 46824
114 128 58822
103 93 188555
0 233 802730
5 210 698335
216 121 925222
113 153 537668
25 34 93397
31 121 983828
192 87 194564
238 229 505415
104 56 739247
124 235 400804
68 64 288085
210 210 67112
248 15 413752
145 48 377606
230 160 14157
174 45 286039
5 159 897525
235 227 835527
159 187 8309
114 67 881593
131 16 874072
192 206 139618
120 91 385953
109 213 961804
97 222 708484
243 216 60680
60 160 799238
44 12 291710
203 165 250615
243 10 985075
162 130 105329
19 181 679252
198 247 805385
219 153 136111
85 27 307162
222 165 99194
198 143 929049
208 179 142383
66 198 356510
20 163 740019
182 60 465871
47 194 254928
57 0 53779
140 233 3302
74 132 944644
183 196 535861
214 248 839742
34 192 974219
91 22 252870
70 198 867719
199 145 893481
141 118 871034
56 201 620545
233 243 584080
105 150 991704
195 243 595607
103 175 656704
21 34 411004
36 219 151137
177 154 420324
204 177 951385
125 207 81844
187 211 71331
58 59 591914
222 218 726575
193 112 227615
175 224 214359
133 216 416717
204 69 656281
155 30 143294
159 110 37707
233 109 994867
31 224 481129
192 82 16875
122 96 278646
242 154 752537
117 239 718672
48 171 895670
189 13 268013
237 230 832123
234 113 632101
122 61 187877
106 175 74491
137 178 947622
145 152 794701
118 159 941135
73 192 552983
5 211 15396
58 19 769852
237 170 359005
41 230 532215
130 103 184779
54 50 342690
118 124 716325
95 221 614538
150 74 986090
132 56 749866
240 92 283115
225 23 960586
180 232 905817
47 3 939556
121 23 397309
225 139 687608
55 110 75940
103 234 421514
117 240 126449
66 27 324137
127 155 611996
45 153 952360
212 72 451591
4 227 371718
109 61 209603
161 46 753374
233 90 472734
58 246 863066
225 75 44186
206 27 159752
187 119 39389
193 190 509067
229 195 665040
229 125 664453
189 105 517416
128 241 27059
177 1 227089
105 17 597149
11 236 640707
197 110 653136
113 86 594480
25 117 596932
132 10 87631
238 17 875743
160 131 70587
183 160 721091
45 130 713191
41 135 27023
75 215 435874
59 93 738110
166 36 871904
98 238 609881
90 164 705035
12 237 644057
218 96 145762
85 146 585909
55 12 375614
111 142 992828
116 84 669741
158 204 699312
203 248 751024
103 162 825855
33 30 192884
94 240 622881
220 142 29558
47 23 100519
150 159 594136
169 55 238210
52 8 179472
247 162 593174
110 75 633290
116 72 667235
82 112 264024
161 217 879626
85 54 136008
173 172 260481
0 42 99981
63 167 601284
185 83 674874
70 73 836990
185 189 932360
107 39 727889
56 50 646577
99 187 75314
164 25 144195
148 104 765038
5 216 376580
122 59 181734
0 181 545289
47 197 228941
129 197 784335
53 45 59689
62 236 390
13 176 964028
141 7 216081
65 238 984387
146 7 791028
159 110 543854
144 125 957546
128 217 677903
165 241 21350
86 149 576410
116 49 976310
218 42 363949
67 63 133501
197 94 161223
72 55 184082
110 25 553885
198 30 368493
72 207 839666
98 25 956913
82 190 483055
221 168 946099
162 72 515151
125 68 60386
61 213 546271
231 135 81310
191 84 246707
129 222 10217
55 170 978245
113 107 478271
116 144 263515
173 224 374015
155 92 576306
60 73 333431
182 193 204302
140 105 218800
36 154 492959
138 216 636643
192 66 742181
17 56 48025
242 195 932230
121 47 387118
185 200 746356
186 211 147459
109 58 62428
14 153 831612
117 151 239753
179 1 86695
247 119 776158
243 239 386742
128 125 423897
35 206 450887
51 155 498575
234 54 992575
158 174 594115
184 194 542958
246 129 879180
156 55 386554
121 228 87477
249 143 833037
72 87 157950
57 103 553661
21 196 273715
156 215 745786
195 34 658422
201 219 648031
77 192 361790
38 85 563213
189 186 233503
243 232 558882
201 5 155033
42 150 933473
26 180 895509
96 120 599237
22 40 575408
36 170 950573
170 78 442522
108 75 829808
108 96 427930
48 103 49926
181 10 504497
94 77 41924
30 142 759302
234 249 330106
60 216 870731
158 146 209735
234 199 256250
71 223 121746
135 171 232230
25 103 83762
187 223 994110
100 189 408748
167 99 287677
114 133 383519
105 239 938848
198 159 344059
37 144 227170
223 4 45466
68 246 781594
19 64 51748
93 139 396977
234 222 324171
248 119 684886
237 11 325503
181 43 744357
88 202 684805
148 61 340506
134 76 860016
195 189 947989
162 64 462774
72 139 833159
205 157 653800
113 113 320193
165 84 418996
22 10 426436
82 168 376196
177 125 672973
98 143 888552
22 105 225920
64 249 920713
235 192 794008
86 88 29154
89 1 371676
241 34 860097
210 234 573999
121 132 902977
41 239 434672
142 178 423678
218 47 468834
77 48 641605
12 233 429869
217 193 55025
219 72 709119
6 188 884603
83 107 909224
160 187 608814
117 198 367525
90 132 633804
67 89 67071
236 165 124360
114 189 233208
22 170 521898
154 115 536028
82 56 191115
203 109 658107
1 133 428064
146 60 526495
184 202 276707
34 164 145475
188 52 395838
165 243 533600
98 163 703183
124 211 122767
16 154 280934
6 66 298907
81 7 186122
11 134 62334
47 110 417150
76 45 684205
148 102 266240
197 203 766753
227 158 444218
223 64 152771
11 245 510960
189 200 207351
192 106 990861
149 67 581147
46 182 462059
200 20 666238
47 82 91764
173 222 136490
202 76 829040
32 116 166318
196 121 130856
187 98 605348
154 46 456619
34 44 61962
87 23 299942
15 161 127459
235 239 184593
202 40 122008
9 223 427364
34 161 81064
147 50 651617
114 188 263287
187 1 195930
218 37 754053
170 178 242306
176 247 332247
243 137 804531
86 47 90532
168 163 328700
182 21 553675
43 139 842007
200 115 328745
135 17 60125
43 3 754819
206 5 264542
206 189 983738
99 70 393777
89 86 728543
63 39 843163
47 84 724135
62 14 620198
148 29 777765
31 106 932555
62 147 756973
148 45 721474
69 45 70939
63 94 633185
33 230 298077
156 218 248715
136 197 224951
52 156 980279
74 83 124002
83 124 224250
194 108 252347
194 164 766171
90 188 956968
202 205 452516
141 36 587366
236 86 30011
42 7 231777
224 197 935278
175 225 506254
97 77 963511
116 109 459753
69 34 84979
189 163 739089
21 176 889930
130 247 330962
227 109 386173
56 156 972274
13 117 147484
209 84 31747
76 6 223972
226 154 347016
153 230 852527
112 83 201985
203 39 125391
88 23 315865
165 188 276589
127 9 824344
237 34 922573
192 17 504846
233 22 975954
150 35 283099
240 154 215959
239 218 270984
238 27 682499
236 92 347215
192 21 281965
24 66 561624
94 182 814387
26 81 299695
195 168 221779
137 30 914707
169 147 778550
141 186 253969
142 28 819951
238 90 958924
206 19 895980
212 117 277039
199 162 552074
110 181 547555
191 176 415059
148 140 735880
164 34 921319
170 133 16451
220 245 526514
236 66 655021
199 46 966603
209 244 763057
76 34 534246
161 93 252192
40 132 694995
46 123 429832
35 104 20371
67 131 537951
227 86 379635
115 202 21833
198 201 670832
197 110 358279
89 41 663962
102 128 565399
90 18 293367
71 81 984092
243 88 270375
55 105 74504
110 4 553200
61 76 680109
65 122 332686
7 233 408287
151 205 443297
196 150 537757
219 224 736212
34 152 707935
211 11 866397
201 133 812484
98 231 171116
237 73 478018
107 65 239086
7 36 113725
238 120 598836
89 35 298574
95 239 500392
45 68 423362
212 47 148120
143 35 672464
229 104 494803
202 200 684025
190 114 349899
179 193 47595
61 14 359229
112 94 533467
22 194 318501
25 240 119056
168 96 571426
83 5 904626
182 9 78564
209 224 885913
197 171 465537
88 154 513224
171 78 59786
4 135 601272
25 89 701317
235 30 751079
237 205 260504
190 79 88209
64 6 818708
236 236 512131
28 81 123373
104 198 572592
200 237 755392
96 116 216572
104 153 938694
245 219 845661
120 225 102351
155 144 690312
48 158 920986
207 75 311828
12 130 685937
143 88 354231
113 18 963802
232 48 627417
219 80 162886
235 119 215895
94 231 639115
157 244 438960
28 208 395985
45 139 717374
119 125 6024
128 0 795697
202 220 640326
166 98 270382
155 205 959008
45 167 761538
134 243 377651
228 227 286170
46 14 580945
171 199 852774
112 52 988630
222 160 260431
28 95 797095
125 182 674683
56 12 951363
22 164 339127
62 171 129084
181 211 822602
208 42 626104
101 29 526209
81 240 451348
12 59 414783
153 35 762631
112 235 19875
19 180 80092
228 17 516288
229 102 634535
157 237 998407
201 173 791688
163 182 896417
114 245 308192
170 232 572555
176 176 186447
237 30 77501
64 167 442585
13 244 703211
195 189 339852
41 203 683497
231 173 674120
132 185 808066
228 194 23099
93 129 619850
82 138 552958
176 112 192758
70 99 860822
192 148 793614
105 117 369748
209 58 366779
51 198 616850
217 17 166464
87 142 695230
203 162 591926
54 194 270273
177 14 836285
46 242 275762
74 95 425418
184 211 664654
73 43 7627
227 95 218301
69 70 584055
227 219 963288
18 199 747344
152 116 299562
113 44 410535
9 74 417268
202 103 454376
60 248 477528
11 229 680331
181 61 506826
178 173 843544
92 14 894944
114 64 372523
145 35 10963
71 101 34216
57 94 160168
248 151 130500
211 130 816181
86 6 107221
102 224 640015
236 64 689553
44 197 451845
232 241 213611
46 40 150716
122 147 871093
87 249 878751
165 111 595065
194 119 537421
85 66 649783
122 93 760043
186 179 126311
153 145 83426
129 16 700852
111 91 372022
74 248 580138
55 24 396172
35 115 608988
199 91 465331
123 75 510943
136 43 947486
129 36 77595
238 62 728278
54 175 248445
19 215 128790
203 60 792865
213 52 858069
23 10 919596
226 64 667248
64 91 642563
165 153 333186
35 180 179324
142 227 824079
133 238 808008
167 212 647376
53 173 662457
235 165 736976
194 111 523785
54 123 791528
118 35 402977
137 101 523190
39 14 503352
181 145 597295
242 183 693951
139 246 812404
129 133 198153
59 93 779744
167 226 739929
85 219 428578
31 167 239415
12 91 366793
161 5 447693
191 55 329671
106 173 705382
143 45 690860
115 199 533763
211 94 968519
42 75 857135
135 211 568315
46 231 563204
118 90 343666
4 129 581121
240 183 701112
207 43 962543
75 201 560497
69 70 677546
194 182 565871
206 68 262163
89 93 852246
76 100 710142
226 38 679321
182 20 671584
111 47 72006
143 66 584215
150 204 748439
43 174 622720
8 55 685326
2 156 262723
7 224 929297
66 16 732683
113 195 598471
170 110 387396
132 151 659313
161 14 723039
56 86 731055
162 162 982073
97 233 24840
109 2 152278
230 143 821135
58 224 562530
59 24 584579
19 35 743449
233 3 800650
182 10 735305
47 140 71378
113 215 230170
10 41 232593
138 4 761925
83 69 431327
130 130 747111
203 62 621544
238 200 1824
124 41 129199
172 104 835938
2 139 288988
33 48 670113
176 212 937631
108 77 466965
182 42 884044
139 27 849133
239 180 902852
203 164 442154
142 6 682008
37 89 631246
136 155 157544
131 248 873985
197 95 629491
154 204 840798
125 23 765989
162 213 106786
19 235 255433
8 39 3910
103 179 161513
216 224 242649
190 98 420309
157 58 377383
147 150 659406
240 58 113513
200 166 804234
143 107 661667
41 209 481435
132 197 431905
249 134 903203
206 48 57724
57 236 503332
80 175 508435
38 101 533266
36 24 835042
223 46 638274
188 109 203371
146 104 645386
198 69 164435
10 67 339383
32 6 326692
38 163 742449
229 242 355491
60 102 497385
50 166 806302
196 82 390061
20 209 415075
147 172 757505
208 232 543955
214 193 456210
55 214 861351
240 89 718824
146 155 168304
197 157 444654
208 103 25000
108 8 574950
54 172 133704
158 56 228601
121 155 98832
236 63 566624
64 28 986732
177 160 167012
135 12 593181
62 230 899573
25 174 113375
210 18 223237
67 148 254373
147 41 132540
167 125 367022
29 115 399588
157 225 948929
115 22 285796
132 72 76068
24 208 766893
169 45 418957
32 215 387056
227 43 361442
63 77 455099
135 1 826899
116 197 184726
57 63 376213
228 220 232517
16 128 607184
60 148 687932
21 105 726665
238 98 178929
43 30 30487
173 229 29655
29 123 822627
73 63 171770
219 72 411290
140 233 454185
93 246 487733
120 131 920390
195 225 776975
55 224 373917
143 188 671730
148 189 259536
163 66 800056
226 237 840521
71 51 866953
46 47 955895
134 12 778499
117 63 194632
234 112 51925
215 185 394089
22 154 108633
88 162 594234
100 177 189434
182 27 505656
79 241 237371
31 203 951778
179 130 928212
58 222 550720
94 236 599502
105 25 437218
32 154 321233
249 33 207674
33 105 869888
245 191 402014
133 188 354663
106 141 47656
101 35 821579
112 87 644723
193 184 615015
231 159 842661
11 79 954527
27 68 937754
210 2 132024
171 105 167312
156 65 487845
40 154 758950
219 163 157608
192 185 58909
28 131 613990
26 219 39071
202 186 835429
74 206 49985
68 98 317331
41 106 574594
187 71 931218
68 232 296640
231 163 196006
130 221 674655
202 31 996860
66 53 752413
180 20 673133
52 180 657941
191 215 619891
199 207 274149
195 235 808112
243 40 450613
59 88 734846
210 217 80352
129 146 993264
214 165 377336
30 177 27567
210 27 16413
116 115 602648
83 231 660391
123 182 498589
232 222 954337
248 149 387577
214 220 6031
84 162 958968
103 96 959412
183 170 437557
75 189 352485
112 14 9471
118 130 723408
238 87 785094
11 180 385477
75 78 354133
79 215 718127
121 186 540000
132 234 516234
224 91 452281
141 204 166328
84 11 937209
137 36 345106
134 101 397916
8 127 819662
51 225 263793
112 37 548313
56 59 546901
161 160 612413
208 48 453077
164 234 499959
4 17 16632
78 67 899658
30 240 323078
145 21 350143
149 96 727949
204 226 557598
200 230 163456
210 223 573950
142 105 594213
126 106 3095
86 106 587005
105 114 574614
13 215 48078
194 157 116787
106 20 753727
238 16 724606
199 114 116975
87 110 857378
205 104 690293
123 46 186783
128 226 768695
234 154 503214
91 131 37502
130 79 689940
241 154 447736
120 235 440978
34 115 33937
214 137 999302
204 39 741336
108 157 826077
247 11 143942
191 123 724650
5 191 819631
48 63 460489
141 226 936758
146 113 824352
140 228 167860
194 108 652900
239 16 495621
28 84 769266
90 219 228890
205 169 619298
231 124 209800
2 107 453102
27 133 924032
87 44 371590
85 4 364938
103 106 286633
219 222 4557
38 173 574451
57 26 13938
144 1 786394
68 228 128930
126 180 579291
103 193 788871
246 102 600023
249 191 650097
127 20 171147
112 116 734620
109 97 311671
85 50 918004
160 239 423002
105 32 712974
43 50 198989
177 154 565376
78 2 889012
39 46 714994
223 82 470532
118 102 600959
106 108 20239
85 223 66325
115 138 566628
191 167 145860
156 8 844017
49 11 931428
85 115 300713
75 73 790976
115 63 332324
85 118 20659
202 80 695683
151 75 471707
31 218 627584
81 149 485154
30 152 198455
12 102 328039
54 64 822683
46 179 207073
97 75 745496
159 241 661046
79 72 162071
121 219 487004
130 157 200042
106 42 779539
211 46 102480
93 38 897659
222 9 847964
25 218 76053
57 248 537193
203 233 129608
168 209 585769
14 101 961880
191 127 690426
18 204 9148
219 93 493778
191 69 85262
241 37 308321
28 178 610717
45 95 693442
95 7 514554
209 51 156330
27 109 774406
62 102 821127
26 218 944196
246 125 344868
83 3 92561
23 169 521266
51 120 414064
238 218 690185
1 14 296216
145 32 487634
40 120 760305
59 229 125073
21 117 15647
200 58 412890
60 202 915746
72 62 416412
53 1 712407
225 154 97364
92 125 235101
213 100 17731
54 86 223620
36 83 268873
232 132 593580
30 106 647490
99 131 373766
72 146 750008
112 247 5796
3 10 630220
144 63 793149
85 154 638775
141 195 663578
62 177 691059
175 159 913742
7 70 571250
43 50 527221
178 153 845690
215 9 348875
155 233 887174
50 85 95210
113 211 317954
184 235 817336
48 205 980674
83 129 315470
190 110 205909
29 183 377648
30 162 838978
49 43 922382
93 27 69914
165 120 667886
242 71 982128
232 240 113730
231 58 465438
189 88 82672
122 205 959969
81 98 628071
14 133 926787
59 28 53759
147 174 823185
179 138 492788
212 200 919120
19 147 251154
127 9 570371
168 229 899276
124 239 582685
153 77 926616
79 230 135551
239 45 987161
10 7 226721
233 148 128541
226 203 836209
153 11 720641
146 46 17121
177 54 943436
85 79 254115
238 89 956666
244 139 683200
219 114 71388
221 53 20256
135 120 269121
67 74 49638
204 144 405198
27 169 21741
203 141 277808
78 234 408598
97 126 410650
122 214 532845
221 211 971766
196 17 752536
153 5 795378
142 91 471065
159 98 5799
26 44 618312
109 9 353191
93 135 394657
95 247 242812
28 46 603137
142 17 691504
52 207 253994
164 163 75485
25 102 879410
137 85 640530
248 147 691693
2 110 740258
230 103 36035
249 149 699426
192 78 239345
60 29 752545
110 67 486828
118 151 390573
237 164 747630
6 61 436521
56 38 648667
91 191 166593
12 45 415174
1 60 304340
171 230 417287
214 229 206029
45 116 132841
8 119 415235
206 61 940254
75 164 636652
123 170 586700
78 197 354796
105 104 394640
6 152 774536
221 85 396558
24 152 322646
84 34 355646
133 107 116834
52 230 287728
98 209 158636
180 103 804746
3 109 245430
135 248 392248
192 138 672695
148 230 814596
3 67 321220
87 181 423913
99 19 194862
38 26 88823
70 92 59761
37 183 259433
79 60 965680
30 246 384534
195 235 426324
212 121 100984
212 221 27354
124 196 263566
38 199 378902
130 211 953041
41 200 863931
33 239 404017
130 176 296633
151 133 493543
74 7 466797
37 194 947972
168 1 749442
211 126 549958
59 17 598278
25 185 551534
19 67 389754
20 141 996621
212 112 255475
163 248 412358
151 141 244182
144 176 325772
201 221 454189
227 108 792640
246 242 14207
125 16 999174
238 22 602637
109 30 828667
75 34 115188
190 140 391949
195 183 129732
234 76 781106
174 37 678163
107 62 718718
160 246 960685
56 149 858630
245 15 279424
127 206 788705
236 55 111563
8 209 510380
144 157 223909
88 6 608294
216 201 315670
33 51 965952
69 136 148640
34 133 334469
193 194 269496
19 114 214574
167 232 288643
26 191 503803
215 177 282590
247 33 480385
81 88 223677
39 126 587110
93 214 910129
190 188 292178
43 136 532766
12 94 439365
106 115 498412
225 8 349462
210 122 648832
74 146 914390
36 129 583439
16 48 43596
17 115 899402
121 48 755604
74 245 835706
71 6 316299
166 74 938007
241 43 79060
240 53 283485
16 216 988076
14 93 948092
192 207 500740
245 186 822292
68 35 220577
241 44 901998
85 168 375175
56 201 939992
76 62 38361
190 116 39562
95 176 901624
163 232 707159
42 165 534295
114 168 759543
36 51 950274
215 249 574765
217 176 19095
131 245 191855
213 153 770273
77 246 691508
117 247 664739
81 16 216035
115 220 815936
150 133 118271
20 134 564736
217 38 269636
181 54 143607
56 180 93932
45 40 662649
11 66 733287
215 24 210984
54 153 371807
108 203 69901
186 232 606921
29 169 386749
45 135 754322
240 38 38977
150 142 475449
152 118 654088
64 170 901074
231 6 56781
21 86 203739
201 47 273536
40 68 473101
208 10 837412
56 14 675792
210 78 486364
202 123 117263
117 91 56938
185 213 150588
26 55 687575
22 166 398803
184 1 434239
43 105 171752
134 85 162759
8 54 944638
131 94 422186
175 24 984271
11 164 656226
195 197 200240
38 211 737388
9 176 869949
5 180 244631
124 117 375099
240 102 386602
231 168 841753
236 118 469198
149 216 178109
94 53 883326
198 145 594955
118 93 479172
86 113 522578
0 32 532899
4 15 723458
48 126 128462
8 116 851114
19 178 800388
234 183 210709
82 32 510512
130 18 115905
11 0 480168
241 72 226002
145 192 815714
137 222 268725
155 56 543300
8 221 604956
65 144 70631
42 124 497850
190 244 125349
97 95 355509
229 139 141202
54 68 74481
120 148 225024
188 69 186211
120 185 900959
40 21 13471
9 74 445792
216 77 254200
234 193 679346
196 168 361153
51 135 723187
95 190 508402
91 119 508727
123 75 460100
40 172 611898
87 248 417226
75 134 349214
117 10 463898
30 66 165907
107 203 157841
118 198 239930
79 20 987697
73 95 492205
93 100 397053
220 42 398206
212 240 599365
217 87 120144
36 64 234377
216 42 116700
84 111 254878
21 241 902478
90 103 942659
206 43 69314
109 109 343708
118 106 910481
123 120 901992
73 54 167418
60 173 630005
220 245 928267
200 230 329265
56 38 396965
136 28 259401
43 120 582396
200 46 559930
160 71 664157
175 60 871316
169 102 741484
129 166 600640
172 79 69741
203 203 267978
55 242 932462
153 173 11344
55 227 682870
42 52 684361
216 94 248340
50 34 904200
49 85 128488
181 187 721456
12 248 438525
217 203 935101
227 20 415905
193 119 271061
54 193 622720
12 59 100740
182 52 435438
133 226 98332
68 10 933692
236 198 500501
89 74 903909
145 18 602155
6 89 52998
131 225 403282
28 169 891044
156 84 971457
115 154 329334
7 191 687725
74 87 450929
104 89 448622
141 186 823638
207 181 738288
185 155 550070
227 152 325158
137 74 602416
241 245 53727
92 51 304095
245 218 576439
134 128 556282
164 64 392064
27 17 379483
72 238 26402
31 55 480297
240 121 612036
212 24 201972
244 215 982349
77 157 421976
42 215 427590
61 72 8403
201 59 632414
144 128 497564
243 216 197688
114 56 648668
64 204 455851
208 84 210478
133 154 581989
6 203 902762
110 9 712214
38 20 256187
69 138 848729
112 249 716977
169 210 9919
123 134 650195
88 158 188646
86 206 947381
22 20 334361
83 71 201844
56 163 898889
20 223 372211
211 116 718246
79 202 777915
143 182 327537
19 74 541011
135 185 544709
200 113 128623
91 90 416808
247 107 942223
59 49 825585
211 40 865586
233 228 211027
92 249 384044
195 159 557069
200 242 411405
62 133 61468
49 105 587931
107 191 973219
78 96 344606
12 9 154359
108 102 883636
112 154 302452
130 6 254441
231 98 883145
111 42 884695
47 135 807601
187 49 651520
206 249 947309
30 150 568423
113 45 600272
0 96 42904
26 194 493914
147 173 116204
240 154 555649
116 146 288562
198 6 493671
107 210 755917
65 31 300296
109 135 406635
243 212 566263
238 89 506031
122 77 222445
137 148 847529
175 7 774520
239 93 387062
215 1 930710
182 92 538667
87 119 104333
127 114 980254
26 160 552062
247 183 824947
186 192 87380
71 195 310525
170 217 210566
79 55 812058
209 115 658698
93 109 38624
53 247 977457
60 149 667385
142 160 64979
61 161 148872
42 105 213302
133 102 905144
19 97 641566
64 190 531144
26 35 694582
104 243 39357
241 158 431982
240 182 927556
205 221 215189
156 41 314042
37 245 151548
189 189 997905
166 2 185196
71 194 477402
28 153 175744
242 224 759724
200 163 311460
199 54 760018
86 65 91159
108 112 391777
125 179 42599
190 144 296457
18 182 853063
202 98 721218
106 239 561209
249 42 705004
170 187 752807
46 239 970376
218 10 287532
216 223 357977
129 134 965666
179 209 483218
97 235 699064
158 246 828526
79 136 948834
124 122 58497
200 147 694128
93 88 964533
241 229 320273
75 131 897077
42 141 626584
13 17 872694
81 140 548803
110 95 931631
130 12 900572
231 195 769313
133 214 65273
153 242 846538
195 194 760996
219 109 226270
143 62 836743
25 122 320736
231 102 770572
226 24 437820
69 163 983582
32 177 375934
20 159 630648
18 211 928698
149 233 930860
207 95 661003
131 74 765260
104 152 924541
244 15 505063
195 72 81604
214 115 297409
178 52 390807
116 13 230769
49 194 817492
92 224 626010
69 31 851577
83 247 700766
155 131 22875
234 228 517822
73 138 90237
211 236 722329
0 40 167174
86 21 517224
140 123 834906
234 205 218285
23 229 336845
194 148 319618
174 51 126636
20 41 185832
53 225 731030
227 189 135704
10 98 664551
64 187 893219
31 148 606701
93 104 439856
145 178 807457
238 187 162405
54 98 720613
94 217 402558
249 240 19201
166 178 380078
233 2 275287
186 67 325437
27 42 14864
32 96 405783
194 196 325565
41 153 436642
34 156 827363
122 100 480223
88 31 380787
241 87 878067
66 165 714474
57 125 260169
50 96 221330
148 125 296828
246 158 714784
83 92 193705
115 115 166897
73 200 400041
42 207 746839
99 143 999239
22 236 876929
99 149 298423
61 214 773415
170 170 813987
179 180 661836
200 234 317964
0 217 441979
45 66 400735
189 199 167314
119 33 92015
191 186 62528
2 70 376642
151 103 800009
70 23 39258
125 234 891188
31 158 362593
106 111 155384
214 118 461107
25 218 339855
41 12 460256
216 15 915512
221 108 645090
80 97 389465
38 175 687711
44 128 857486
131 57 354308
108 247 459343
53 63 829881
12 120 447152
75 249 652421
231 125 624315
14 188 338798
43 178 520475
239 67 540053
134 120 597015
248 102 325097
140 131 434518
23 77 981689
33 71 138598
22 197 318628
180 190 679758
12 217 124681
159 112 521367
56 167 354224
238 67 213525
71 200 161474
37 206 864927
248 34 769561
174 171 179073
111 232 190649
137 54 886618
219 189 623279
225 244 212774
183 156 325815
245 49 151398
187 15 62760
47 18 434680
167 148 539692
7 244 651781
79 98 187817
154 172 967304
129 82 780804
145 9 862452
195 63 560299
149 36 54497
138 136 162205
163 237 952532
148 65 120003
148 174 72007
56 173 552418
80 144 954556
237 151 520067
104 5 385237
89 36 49786
212 118 339682
14 141 552260
24 179 536312
186 205 489185
241 157 807277
82 100 372046
182 229 199956
54 37 839264
184 176 977248
133 74 883222
112 186 608250
68 10 232671
195 42 228077
217 3 914030
41 145 52107
6 199 294624
65 126 245916
113 5 494468
119 152 340981
139 179 798095
199 132 156382
112 189 285130
234 177 887504
121 140 26941
175 129 215098
49 138 14459
134 184 501660
25 193 285492
106 116 512475
40 127 28229
100 49 827042
26 198 448876
237 246 780605
31 161 829514
33 27 530221
187 37 455140
36 249 729402
11 180 199433
4 28 138797
97 128 516628
42 89 71549
234 139 559202
11 218 48047
165 69 946758
35 248 276298
33 217 297600
27 140 165506
13 196 937932
59 82 395248
212 5 435479
87 44 695474
62 185 297876
77 88 912405
34 243 600021
211 193 348642
60 91 217888
5 113 185317
127 135 355678
126 133 353937
92 225 557274
133 197 447198
183 23 733112
109 202 114547
45 111 686349
205 150 225282
142 163 512782
94 220 683953
42 116 932918
173 69 668131
66 148 391000
243 237 156615
7 232 781889
197 209 751628
51 164 444767
212 206 253249
221 53 749655
19 229 373786
159 62 392999
212 194 704667
129 202 834652
66 30 531423
176 58 415278
143 145 452091
217 171 33919
225 160 595318
121 26 749978
79 171 821844
149 35 244018
27 108 483312
182 108 927224
94 172 253152
121 239 146177
197 197 285345
84 186 860711
83 136 350658
131 91 443591
81 138 95504
209 199 276635
141 132 516351
245 19 511620
181 173 379586
72 243 284294
32 123 848352
99 234 254739
0 184 189866
121 211 534681
122 30 636013
248 225 380159
147 49 899960
25 140 21041
233 90 793616
162 230 634364
73 211 950275
85 96 330133
214 201 651533
20 211 581947
87 117 718427
4 152 510244
179 53 301922
50 167 429791
160 98 884087
119 249 320404
3 166 537928
35 116 222421
46 180 695617
147 125 107486
33 96 78476
44 102 393032
139 23 700417
34 245 50750
218 38 972051
171 197 302010
143 77 771893
113 146 638687
